4294967279,77
4294967279,76
4294967279,75
4294967279,74
4294967279,73
4294967279,72
4294967279,71
4294967279,70
4243767290,0
4294967279,93
4294967279,92
4294967279,91
4294967279,90
4294967279,89
4294967279,87
4294967279,86
4294967279,85
4294967279,84
4294967279,83
4294967279,82
4294967279,81
4294967279,80
4294967279,79
4294967279,78
4294967278,537
4294967294,190
4294967294,1006
4294967294,999
4294967279,358
4294967278,284
4294967279,135
4294967278,283
4294967279,272
4294967278,536
4294967279,270
4294967279,269
4294967278,275
4294967279,267
4294967278,535
4294967278,273
4294967278,270
4294967279,266
4294967278,271
4294967279,357
4294967278,281
4294967279,277
4294967279,106
4294967279,105
4294967279,104
4294967279,103
4294967279,102
4294967279,101
4294967279,100
4294967279,99
4294967279,98
4294967279,97
4294967279,96
4294967279,95
4294967279,94
4294967278,534
4294967278,266
4294967279,262
4294967278,280
4294967294,195
4294967294,1003
4294967279,261
4294967278,533
4294967279,259
4294967278,532
4294967279,356
4294967278,263
4294967279,257
4294967278,531
4294967279,355
4294967278,291
4294967279,255
4294967278,530
4294967279,254
4294967278,258
4294967279,354
4294967278,529
4294967279,353
4294967278,528
4294967279,352
4294967279,122
4294967279,121
4294967279,120
4294967279,117
4294967279,116
4294967279,115
4294967279,114
4294967279,113
4294967279,112
4294967279,111
4294967279,110
4294967279,109
4294967279,108
4294967279,107
4294967278,256
4294967279,351
4294967278,527
4294967279,350
4294967278,526
4294967279,349
4294967278,255
4294967279,348
4294967279,126
4294967278,525
4294967279,125
4294967279,252
4294967294,199
4294967294,1013
4294967294,1015
4294967294,1010
4294967278,524
4294967279,347
4294967279,346
4294967279,124
4294967278,523
4294967279,345
4294967279,123
4294967278,252
4294967279,250
4294967278,250
4294967279,249
4294967278,248
4294967279,245
4294967279,248
4294967278,247
4294967279,119
4294967279,247
4294967278,245
4294967279,118
4294967278,19
4294967278,18
4294967278,17
4294967278,16
4294967278,15
4294967278,14
4294967278,13
4294967278,12
4294967278,11
4294967278,10
4294967278,9
4294967278,8
4294967278,7
4294967278,6
4294967278,5
4294967278,4
4294967279,132
4294967279,131
4294967279,130
4294967279,129
4294967279,128
4294967279,127
4294967294,162
4294967294,161
4294967294,39
4294967278,242
4294967278,240
4294967294,68
4294967294,11
4294967294,1415
4294967294,399
4294967294,420
4294967294,178
4294967294,444
4294967294,403
4294967294,183
4294967294,116
4294967294,459
4294967294,118
4294967294,466
4294967278,239
4294967279,344
4294967278,237
4294967278,522
4294967279,343
4294967278,234
4294967278,233
4294967278,230
4294967278,229
4294967278,226
4294967278,224
4294967278,222
4294967278,221
4294967278,219
4294967278,36
4294967278,35
4294967278,34
4294967278,33
4294967278,32
4294967278,31
4294967278,30
4294967278,29
4294967278,28
4294967278,27
4294967278,26
4294967278,25
4294967278,24
4294967278,23
4294967278,22
4294967278,21
4294967278,20
4294967278,217
4294967278,214
4294967278,521
4294967294,193
4294967294,163
4294967279,342
4294967278,212
4294967279,341
4294967278,520
4294967279,340
4294967278,210
4294967279,339
4294967278,519
4294967279,338
4294967278,208
4294967278,207
4294967278,206
4294967279,337
4294967278,518
4294967279,336
4294967278,517
4294967279,335
4294967278,516
4294967279,334
4294967278,202
4294967279,333
4294967278,515
4294967279,332
4294967278,200
4294967279,331
4294967278,514
4294967279,330
4294967278,198
4294967279,329
4294967278,513
4294967279,328
4294967278,196
4294967294,387
4294967278,195
4294967278,194
4294967294,392
4294967294,390
4294967294,120
4294967294,114
4294967279,327
4294967278,512
4294967294,89
4294967294,1413
4294967294,173
4294967294,197
4294967294,182
4294967294,1008
4294967294,421
4294967279,326
4294967278,319
4294967278,38
4294967278,37
4294967279,27
4294967279,26
4294967279,24
4294967279,23
4294967279,21
4294967279,20
4294967279,18
4294967279,15
4294967279,13
4294967279,11
4294967279,325
4294967278,318
4294967279,324
4294967278,190
4294967279,323
4294967278,317
4294967279,322
4294967278,188
4294967279,321
4294967278,316
4294967279,320
4294967278,186
4294967279,319
4294967278,315
4294967279,318
4294967278,184
4294967294,409
4294967294,395
4294967294,396
4294967294,148
4294967294,385
4294967294,407
